1.0807938849198655 1.3522753619752068
0.5101407544588769 0.8725888513563915
0.5083844269099326 1.3184912324330733
0.9044648030137531 0.8460712617866893
0.4578107859230874 0.7985732484294634
0.5042774052540344 1.3508996573182122
0.8891782672178014 0.8953946321173303
0.5324470852341782 1.0866393406453352
1.0827179028028222 1.1123276784821774
1.1373174824569827 1.27132818166897
1.2401583789732866 1.1333033487193238
0.9409132927019872 0.9341781432983468
0.4577836758177233 0.9790519090542925
0.5187473074765966 1.247989641889489
0.5493529991974402 0.9524654903521916
0.6424279216034453 1.1250984606472354
1.0271700522651972 1.2264422654189526
0.4469497146602547 0.6562273272314609
0.5520717353276375 1.2029119116120437
0.9562944200837036 0.901801415557902
1.039279272768541 0.9859716001870708
0.4611567836102925 1.4042338633628164
0.9119408946568432 0.8724594901014016
0.5151973296991242 1.3206861527814706
0.6394725089239348 1.1195725213050929
1.108403822402124 1.0764449516110133
0.5051381594041358 1.0022346594259042
0.9745453008929096 1.0183987037584867
0.4838074284042555 0.7575662563237288
0.4356835984712349 1.0584026327629512
1.0736313196418645 1.1120684078945589
0.4422775570462576 1.2305707941545492
0.7174230452894084 0.6901946106194472
1.1573053136322653 1.220553297163488
0.5655321481144511 1.2414557602741045
1.2228853182808754 1.0715734279597215
0.7224344964287694 0.6142618454790241
0.9479337845391067 0.9684881534693226
1.2586346246666202 1.1521277481674763
0.478896396068384 0.9852992292958388
0.5204875587848569 0.9355448473848768
0.4826967344107311 0.846360793155591
1.0137777581678138 0.9385232552694384
0.4510864852726283 1.208780415131736
0.9500332128370323 0.9084987497881286
1.2076456087312444 1.229179184287567
0.5666645691813716 1.4666304383840065
1.166204727568731 1.1183478305164403
1.1150398245860946 1.2836306252402685
1.147147000270982 1.147053567855968
1.026479979261641 1.1772428550720695
1.1308951584912315 1.3058583731171276
1.2821388840762864 1.221807562324692
0.449755916935308 0.7734035909293719
0.5283201575826917 1.3012942966859842
0.4376941308473761 1.358648729264435
1.0644636882813205 1.144575753640931
0.6965142037743106 1.3512370100163464
0.9077961861284994 0.9920356788393118
0.4943998283537638 1.1994453399269924
0.5314497271807609 1.4875276082373035
0.9931533458133686 1.031207431606146
0.4251505448870425 1.2966829007082357
1.0083986398908904 1.0101744686921938
0.9098930081683596 0.9732724580956719
1.1806057126734346 1.206310751742169
0.5416798917463858 1.1470633509975023
0.6053530254349967 1.2568864705197462
0.500165288789673 1.4372141761296346
0.9544394038233333 0.9845466309951465
0.5335585387769151 1.4898687492612752
0.6832501211578129 1.2160912289427364
0.5171222992358 1.3283544878699962
0.8466618249331583 0.7316388744731501
0.5535991312559518 1.3298351958985812
0.4412909362134229 0.7411811920588481
0.6827022563016802 1.4439466402043237
1.1184419461483028 1.0839149978831322
0.4148964258591182 1.1494963819420851
0.5709702834268738 0.9941797000587317
0.4272825244067085 1.4569275226328426
0.5962295627157482 1.3343377780930004
0.906020429873071 0.8638787678065794
1.255637749226884 1.214649418270513
1.0977151234626614 0.9726295643660425
1.03520774281668 1.143926524955778
0.8477443605117324 0.8374014573839214
0.4689779804707248 0.7260646735350701
0.4272349552894307 0.7141330234256087
1.2344953881851948 1.2301295580746738
0.6602058687232133 1.4175761990628615
0.4271299548889596 0.7015871868238163
0.5411689900061907 1.2416633748042476
0.5103309910115887 1.4030780100161167
0.616317771925531 1.2509683531925806
0.5571881801624915 0.9232524077606195
0.9878142026985518 1.0973820466171
0.4263758758163409 1.4743768634580157
0.7231263837356103 1.3639970135012167
1.0829594726344567 1.2842340488072577